1.733
0 18
1 77
2 256
3 307
4 419
5 496
6 499
7 516
8 578
9 716
10 756
11 794
12 829
13 872
14 948
15 1058
16 1087
17 1114
18 1133
19 1227
20 1264
21 1388
22 1398
23 1502
24 1528
25 1559
26 1654
27 1958
28 2064
29 2133
30 2191
31 2199
32 2283
33 2394
34 2497
35 2689
36 2738
37 2897
38 2951
39 2964
40 3039
41 3106
42 3250
43 3309
44 3485
45 3518
46 3542
47 3629
48 3663
49 3936
50 3998
51 4094
52 4136
53 4173
54 4183
55 4341
56 4386
57 4433
58 4459
59 4507
60 4585
61 4597
62 4793
63 4826
64 4861
65 4873
66 5026
67 5033
68 5204
69 5313
70 5368
71 5450
72 5566
73 5632
74 5650
75 5689
76 5735
77 5788
78 5804
79 5819
80 5831
81 5990
82 6063
83 6220
84 6338
85 6492
86 6502
87 6670
88 6767
89 6802
90 6888
91 7028
92 7081
93 7149
94 7187
95 7234
96 7256
97 7443
98 7487
99 7540
100 7581
101 7609
102 7647
103 7670
104 7824
105 7841
106 7884
107 7931
108 7960
109 8049
110 8053
111 8328
112 8401
113 8491
114 8495
115 8610
116 8670
117 8697
118 8725
119 8771
120 8832
121 8898
122 8937
123 8943
124 9043
125 9051
126 9142
127 9300
128 9311
129 9393
130 9651
131 9683
132 9717
133 9775
134 9832
135 9842
136 9924
137 9965
138 10148
139 10162
140 10274
141 10411
142 10627
143 10657
144 10679
145 10718
146 10740
147 10795
148 10823
149 10882
150 10951
151 10968
152 10982
153 10999
154 11036
155 11126
156 11268
157 11288
158 11415
159 11534
160 11554
161 11563
162 11566
163 11691
164 11760
165 11799
166 11900
167 11919
168 11994
169 12030
170 12033
171 12071
172 12090
173 12116
174 12131
175 12257
176 12318
177 12331
178 12363
179 12368
180 12398
181 12447
182 12474
183 12509
184 12525
185 12532
186 12610
187 12685
188 12704
189 12869
190 13031
191 13034
192 13046
193 13077
194 13168
195 13174
196 13401
197 13552
198 13555
199 13699
200 13707
201 14066
202 14312
203 14403
204 14485
205 14769
206 14796
207 14819
208 14837
209 14966
210 15043
211 15136
212 15220
213 15237
214 15324
215 15383
216 15405
217 15411
218 15520
219 15530
220 15698
221 15853
222 15952
223 15956
224 15961
225 15977
226 16091
227 16156
228 16162
229 16202
230 16214
231 16336
232 16390
233 16424
234 16472
235 16553
236 16577
237 16644
238 16814
239 16836
240 16914
241 16956
242 16987
243 16996
244 17035
245 17055
246 17106
247 17119
248 17253
249 17298
250 17336
251 17356
252 17373
253 17402
254 17533
255 17592
256 17654
257 17668
258 17716
259 17810
260 17963
261 17993
262 18093
263 18225
264 18367
265 18395
266 18452
267 18463
268 18505
269 18636
270 18702
271 18706
272 18772
273 18775
274 18820
275 18859
276 18895
277 18917
278 18945
279 18949
280 18959
281 18991
282 19049
283 19199
284 19299
285 19377
286 19412
287 19427
288 19474
289 19526
290 19736
291 19742
292 19782
293 19829
294 19956
295 20029
296 20087
297 20148
298 20177
299 20234
300 20330
301 20377
302 20385
303 20427
304 20506
305 20557
306 20673
307 20735
308 20769
309 20831
310 20902
311 20975
312 20978
313 20985
314 21048
315 21166
316 21255
317 21269
318 21315
319 21349
320 21363
321 21422
322 21561
323 21572
324 21745
325 21768
326 21804
327 21832
328 21943
329 21991
330 22168
331 22174
332 22193
333 22215
334 22228
335 22275
336 22281
337 22363
338 22366
339 22489
340 22605
341 22636
342 22745
343 22771
344 22784
345 22802
346 22896
347 22936
348 23317
349 23332
350 23479
351 23511
352 23567
353 23605
354 23616
355 23624
356 23716
357 23756
358 23803
359 23825
360 23879
361 23894
362 23927
363 24276
364 24335
365 24453
366 24490
367 24497
368 24577
369 24608
370 24644
371 24652
372 24821
373 24911
374 25118
375 25171
376 25227
377 25398
378 25440
379 25487
380 25641
381 25657
382 25740
383 25758
384 25819
385 25834
386 25889
387 25906
388 25980
389 26015
390 26204
391 26227
392 26231
393 26240
394 26499
395 26625
396 26630
397 26649
398 26798
399 26972
400 27016
401 27056
402 27079
403 27149
404 27324
405 27508
406 27551
407 27554
408 27700
409 27749
410 27851
411 27991
412 28135
413 28147
414 28269
415 28318
416 28339
417 28387
418 28440
419 28535
420 28610
421 28643
422 28693
423 28871
424 28898
425 28993
426 28998
427 29027
428 29054
429 29140
430 29249
431 29259
432 29274
433 29383
434 29457
435 29488
436 29517
437 29545
438 29712
439 29858
440 29877
441 29981
442 30076
443 30386
444 30407
445 30438
446 30559
447 30588
448 30591
449 30663
450 30739
451 30800
452 30832
453 30845
454 30859
455 30909
456 30929
457 30967
458 31086
459 31202
460 31279
461 31334
462 31353
463 31370
464 31396
465 31428
466 31437
467 31501
468 31597
469 31639
470 31662
471 31701
472 31773
473 31777
474 32007
475 32018
476 32141
477 32171
478 32202
479 32290
480 32297
481 32370
482 32392
483 32465
484 32594
485 32631
486 32843
487 33005
488 33017
489 33056
490 33068
491 33093
492 33151
493 33162
494 33171
495 33176
496 33299
497 33367
498 33373
499 33473
500 33553
501 33756
502 33893
503 33946
504 33958
505 33984
506 33996
507 34003
508 34013
509 34336
510 34442
511 34475
512 34530
513 34579
514 34609
515 34630
516 34677
517 34701
518 34729
519 34754
520 34847
521 34961
522 35040
523 35051
524 35106
525 35170
526 35257
527 35262
528 35336
529 35359
530 35401
531 35431
532 35486
533 35538
534 35555
535 35601
536 35693
537 35697
538 35770
539 35818
540 35824
541 35850
542 35925
543 35982
544 35988
545 36036
546 36272
547 36341
548 36542
549 36603
550 36651
551 36673
552 36711
553 36739
554 36770
555 36863
556 36907
557 36937
558 36967
559 37000
560 37112
561 37132
562 37239
563 37383
564 37387
565 37396
566 37454
567 37471
568 37538
569 37580
570 37592
571 37621
572 37636
573 37731
574 37822
575 37854
576 37905
577 38024
578 38155
579 38318
580 38325
581 38344
582 38414
583 38429
584 38450
585 38506
586 38570
587 38604
588 38609
589 38666
590 38677
591 38720
592 38756
593 38922
594 39011
595 39074
596 39293
597 39302
598 39423
599 39432
600 39666
601 39798
602 39806
603 39823
604 39872
605 39938
606 40011
607 40039
608 40057
609 40118
610 40145
611 40169
612 40215
613 40335
614 40365
615 40368
616 40431
617 40533
618 40623
619 40646
620 40694
621 40754
622 40801
623 40859
624 40906
625 40910
626 40920
627 41065
628 41168
629 41226
630 41232
631 41255
632 41347
633 41504
634 41551
635 41558
636 41626
637 41670
638 41681
639 41735
640 41903
641 41995
642 42049
643 42193
644 42233
645 42397
646 42478
647 42583
648 42631
649 42877
650 43140
651 43153
652 43222
653 43290
654 43324
655 43366
656 43634
657 43664
658 43684
659 43705
660 43720
661 43762
662 43904
663 43932
664 43973
665 44035
666 44055
667 44064
668 44212
669 44327
670 44496
671 44520
672 44581
673 44602
674 44644
675 44721
676 44794
677 44822
678 44844
679 44922
680 44951
681 44965
682 45068
683 45296
684 45299
685 45323
686 45357
687 45495
688 45560
689 45571
690 45660
691 45803
692 45863
693 45942
694 45966
695 46073
696 46091
697 46121
698 46140
699 46226
700 46236
701 46333
702 46403
703 46474
704 46564
705 46582
706 46592
707 46676
708 46700
709 46706
710 46734
711 46930
712 47196
713 47303
714 47372
715 47550
716 47562
717 47608
718 47613
719 47691
720 47744
721 47762
722 47834
723 47877
724 47912
725 47918
726 47952
727 47964
728 47984
729 48043
730 48065
731 48071
732 48077
733 48111
734 48207
735 48348
736 48419
737 48473
738 48941
739 48984
740 48987
741 49000
742 49005
743 49018
744 49036
745 49069
746 49173
747 49243
748 49356
749 49363
750 49491
751 49577
752 49621
753 49663
754 49719
755 49821
756 49968
757 50087
758 50098
759 50103
760 50203
761 50221
762 50275
763 50433
764 50578
765 51004
766 51297
767 51401
768 51569
769 51577
770 51612
771 51672
772 51769
773 51883
774 51905
775 51917
776 52010
777 52014
778 52061
779 52142
780 52190
781 52242
782 52278
783 52340
784 52423
785 52568
786 52641
787 52644
788 52658
789 52691
790 52709
791 52859
792 52958
793 53333
794 53399
795 53480
796 53563
797 53663
798 53702
799 53756
800 53781
801 53822
802 54057
803 54061
804 54146
805 54318
806 54472
807 54501
808 54585
809 54763
810 54871
811 54884
812 54896
813 55004
814 55122
815 55194
816 55322
817 55326
818 55336
819 55396
820 55464
821 55631
822 55724
823 55752
824 55786
825 55826
826 55842
827 55915
828 55968
829 56017
830 56022
831 56034
832 56070
833 56093
834 56213
835 56235
836 56361
837 56369
838 56499
839 56569
840 56677
841 56701
842 56740
843 56767
844 56822
845 56903
846 56915
847 56940
848 57107
849 57124
850 57138
851 57253
852 57439
853 57449
854 57512
855 57524
856 57590
857 57709
858 57754
859 57765
860 57813
861 57991
862 58088
863 58109
864 58148
865 58284
866 58293
867 58317
868 58372
869 58465
870 58490
871 58538
872 58639
873 58719
874 58785
875 58847
876 58871
877 59032
878 59118
879 59184
880 59383
881 59387
882 59451
883 59459
884 59515
885 59525
886 59567
887 59743
888 59886
889 59894
890 59952
891 59966
892 60023
893 60107
894 60299
895 60345
896 60404
897 60440
898 60622
899 60625
900 60636
901 60652
902 60723
903 60748
904 60982
905 60989
906 61024
907 61115
908 61214
909 61303
910 61331
911 61439
912 61512
913 61562
914 61594
915 61606
916 61619
917 61633
918 61666
919 61682
920 61810
921 61833
922 61856
923 61943
924 62035
925 62138
926 62191
927 62365
928 62390
929 62442
930 62472
931 62494
932 62580
933 62624
934 62794
935 62831
936 62896
937 62930
938 63094
939 63248
940 63616
941 63641
942 63645
943 63755
944 63779
945 63828
946 63849
947 63881
948 63886
949 63895
950 63910
951 63986
952 64110
953 64114
954 64153
955 64183
956 64421
957 64605
958 64634
959 64647
960 64715
961 64771
962 64784
963 64795
964 64895
965 65054
966 65143
967 65183
968 65200
969 65263
970 65284
971 65291
972 65301
973 65371
974 65503
975 65628
976 65664
977 65722
978 65731
979 65740
980 65834
981 66027
982 66187
983 66322
984 66339
985 66357
986 66600
987 66622
988 66634
989 66645
990 66709
991 66784
992 66864
993 66908
994 67025
995 67029
996 67072
997 67100
998 67114
999 67167
1000 67445
1001 67530
1002 67552
1003 67800
1004 67842
1005 67938
1006 68010
1007 68097
1008 68191
1009 68262
1010 68332
1011 68341
1012 68428
1013 68453
1014 68458
1015 68485
1016 68529
1017 68737
1018 68764
1019 68781
1020 68799
1021 68846
1022 69023
1023 69094
1024 69105
1025 69115
1026 69180
1027 69216
1028 69238
1029 69315
1030 69416
1031 69435
1032 69487
1033 69575
1034 69594
1035 69694
1036 69831
1037 69898
1038 69902
1039 69974
1040 70018
1041 70029
1042 70051
1043 70089
1044 70098
1045 70124
1046 70185
1047 70212
1048 70272
1049 70322
1050 70332
1051 70384
1052 70461
1053 70484
1054 70512
1055 70597
1056 70635
1057 70659
1058 70662
1059 70683
1060 70688
1061 70700
1062 70727
1063 70736
1064 70764
1065 70910
1066 71022
1067 71173
1068 71223
1069 71340
1070 71438
1071 71477
1072 71501
1073 71658
1074 71869
1075 71878
1076 72086
1077 72135
1078 72190
1079 72211
1080 72275
1081 72481
1082 72635
1083 72675
1084 72825
1085 72830
1086 72946
1087 72990
1088 72995
1089 73070
1090 73075
1091 73176
1092 73241
1093 73259
1094 73266
1095 73386
1096 73422
1097 73483
1098 73713
1099 73745
1100 73940
1101 73963
1102 74117
1103 74173
1104 74278
1105 74336
1106 74365
1107 74382
1108 74400
1109 74457
1110 74477
1111 74550
1112 74562
1113 74647
1114 74731
1115 74739
1116 74938
1117 75024
1118 75031
1119 75054
1120 75133
1121 75159
1122 75279
1123 75547
1124 75757
1125 75962
1126 75998
1127 76054
1128 76115
1129 76128
1130 76229
1131 76268
1132 76382
1133 76407
1134 76511
1135 76560
1136 76572
1137 76606
1138 76636
1139 76673
1140 76707
1141 76812
1142 76853
1143 77086
1144 77143
1145 77150
1146 77262
1147 77402
1148 77521
1149 77538
1150 77552
1151 77632
1152 77680
1153 77748
1154 77753
1155 77949
1156 77966
1157 78002
1158 78028
1159 78216
1160 78243
1161 78331
1162 78423
1163 78556
1164 78662
1165 78666
1166 78675
1167 78733
1168 78786
1169 78802
1170 78953
1171 78961
1172 78975
1173 78988
1174 79119
1175 79300
1176 79586
1177 79609
1178 79648
1179 79753
1180 79774
1181 79794
1182 79807
1183 79861
1184 79922
1185 79975
1186 80004
1187 80112
1188 80130
1189 80193
1190 80225
1191 80229
1192 80261
1193 80310
1194 80371
1195 80471
1196 80555
1197 80569
1198 80651
1199 80801
1200 80894
1201 80937
1202 80950
1203 81049
1204 81227
1205 81234
1206 81264
1207 81293
1208 81323
1209 81328
1210 81396
1211 81426
1212 81431
1213 81514
1214 81562
1215 81583
1216 81710
1217 81765
1218 81769
1219 81894
1220 82140
1221 82161
1222 82191
1223 82220
1224 82236
1225 82302
1226 82348
1227 82398
1228 82455
1229 82464
1230 82526
1231 82571
1232 82595
1233 82608
1234 82636
1235 82681
1236 82684
1237 82849
1238 82862
1239 82933
1240 82972
1241 83043
1242 83073
1243 83157
1244 83403
1245 83407
1246 83448
1247 83457
1248 83545
1249 83613
1250 83621
1251 83693
1252 83725
1253 83743
1254 83807
1255 83816
1256 83878
1257 83886
1258 83938
1259 83952
1260 84088
1261 84104
1262 84353
1263 84371
1264 84497
1265 84517
1266 84725
1267 84781
1268 84804
1269 84916
1270 85018
1271 85091
1272 85159
1273 85206
1274 85255
1275 85260
1276 85363
1277 85385
1278 85428
1279 85440
1280 85685
1281 85697
1282 85704
1283 85753
1284 85802
1285 85882
1286 85917
1287 86068
1288 86073
1289 86126
1290 86156
1291 86176
1292 86302
1293 86357
1294 86489
1295 86662
1296 86666
1297 86915
1298 86928
1299 86931
1300 87004
1301 87051
1302 87113
1303 87290
1304 87300
1305 87663
1306 87699
1307 87744
1308 87778
1309 87836
1310 87921
1311 87973
1312 88025
1313 88092
1314 88155
1315 88243
1316 88355
1317 88432
1318 88547
1319 88576
1320 88595
1321 88646
1322 88662
1323 88835
1324 88871
1325 89103
1326 89202
1327 89206
1328 89217
1329 89256
1330 89397
1331 89450
1332 89471
1333 89521
1334 89664
1335 89742
1336 89770
1337 89774
1338 89853
1339 89927
1340 89954
1341 89994
1342 90025
1343 90083
1344 90124
1345 90190
1346 90219
1347 90265
1348 90271
1349 90417
1350 90473
1351 90512
1352 90549
1353 90619
1354 90636
1355 90679
1356 90769
1357 90841
1358 90972
1359 90987
1360 91175
1361 91252
1362 91309
1363 91492
1364 91502
1365 91558
1366 91572
1367 91600
1368 91753
1369 91801
1370 91816
1371 91822
1372 91842
1373 91942
1374 91947
1375 91950
1376 91984
1377 92038
1378 92054
1379 92113
1380 92164
1381 92198
1382 92464
1383 92470
1384 92524
1385 92528
1386 92598
1387 92637
1388 92641
1389 92648
1390 92722
1391 92899
1392 92926
1393 92987
1394 93052
1395 93069
1396 93101
1397 93254
1398 93284
1399 93297
1400 93470
1401 93489
1402 93520
1403 93594
1404 93626
1405 93640
1406 93649
1407 93688
1408 93798
1409 93878
1410 93888
1411 93904
1412 93939
1413 93961
1414 93990
1415 94004
1416 94047
1417 94082
1418 94294
1419 94383
1420 94467
1421 94482
1422 94496
1423 94527
1424 94549
1425 94607
1426 94689
1427 94766
1428 94878
1429 94925
1430 95015
1431 95044
1432 95114
1433 95252
1434 95305
1435 95316
1436 95321
1437 95347
1438 95423
1439 95585
1440 95634
1441 95673
1442 95685
1443 95721
1444 95763
1445 95801
1446 95906
1447 96000
1448 96261
1449 96324
1450 96368
1451 96426
1452 96468
1453 96487
1454 96618
1455 96691
1456 96719
1457 96850
1458 96857
1459 96887
1460 96985
1461 96988
1462 97074
1463 97184
1464 97261
1465 97294
1466 97545
1467 97607
1468 97650
1469 97780
1470 97784
1471 97809
1472 97919
1473 97937
1474 98026
1475 98082
1476 98098
1477 98135
1478 98457
1479 98487
1480 98505
1481 98517
1482 98525
1483 98551
1484 98585
1485 98687
1486 98736
1487 98742
1488 98780
1489 99080
1490 99103
1491 99139
1492 99274
1493 99297
1494 99366
1495 99378
1496 99395
1497 99559
1498 99568
1499 99615
1500 99746
1501 99788
1502 99804
1503 99948